5
1
6

1
1
14

1
5
14

60
21
85

689
109
901

122
5197
8611

2852
1077
4141

17231
25211
43039

33431
4633
38293

19972
99719
150173

45030
84125
1604249

360302
68351
776383

54285609
113110959
128201023

499763703
96305803
546270017

36129736
272056201
626702477

2631724958
885971909
3744338729

6278103
4685483
10904713

37253863744
6274883863
82471961137

36048388679
7473861761
187728035189

679414351325
1760329180111
2180186860769

38765055940
1022102403175
1048745538899

568201944385
8657691400771
13645378542967

511262248632
6297519966889
12229825872389

949782748421
12866140126265
26941959417313

77891433441015
45402810713291
111147538257979

1533959418403371
1411551251673551
10349520482158573

28189861976574466
29480573560942051
37882702883613169

162879466669323202
151336596162465689
175643448476692733

164742532730322108
156629220498162059
317109489176471779

3188840552417212445
2866488844913741983
3315036482377273607

