494411328857417
1020418906260547

775634252328479
854799420281077

329800367384533
808241970529229

2116857919595113
1652100864451577

556837680375139
3423105416788201

3621799955547451
3623130191489489

4081222251087911
6640768626127253

7366829766811969
6371079649304393

11500232592102161
1253562175593359

15687513338012981
6290711446887503

17784976818407791
23881166660269033

7210553531371241
8156848572389201

47141759111844889
25338893739215789

58534594582790071
25721392035259561

108715508541244243
116831879419499809

119541202041316843
120217225531619351

133865283959537591
130668029789829971

87354775599094111
226167466593555131

114699586039888261
423937046257488859

269554380097971841
54268339953150541

939320713684073377
74359930290257533

537204455245140127
59834638800462403

2178497661221569661
2241080075229461981

1354327428358549363
28479338977305383

1370826003549574667
1310557136175014029

2467993864053719569
3623897875323376111

21676414616592823
3923137797317242579

4640142965800341257
2057957335774123603

15844126742136988609
16284872686040955379

11653202433496106359
4207360499905358513

1385545536860359261
31783333904168881831

6786995027249598881
8324713271501860127

38440134847720515407
7744769508689117701

48056270834619145949
32030195778553528343

33715873229996655343
90416116738911532967

6029336448864362839
33815919308617693721

258604368869078244977
157462774938546220879

163832241845965111429
160032090129980446579

293234837080473108923
40159962426349016593

103338119148995181383
60608135995589361953

240395474992737046987
934378949037428025623

936065424332845685761
206595605217833332139

439433858367796843543
1750763933326544195141

1846480095906909324971
2307947940603810469579

459435963375517297121
3688084546832496913909

2858916505688823937307
4178807214085530489769

2340875964309068840267
5538904167569793717941

2460426626709125193877
3929525560030391410913

6865741772276255809183
17213378804873846463619

4876548987518947534013
3682286101393944535427

1785808083175394380849
7580031942733886283863

21942441479559612422737
17997782819875453957997

38871965628636818400529
20597148005226841519363

25472489189910612553111
38383959154004555328661

37999944042489401970619
127179339751935839171941

95347238854506234202433
111764312810315523489581

82449534034841970083819
136877925673635605509681

138657314980581007927397
40452934224101849960863

565708200321799493185691
250795394822100116402383

68397977836422854466703
541464624459945835135219

1171947337345855755702461
687489597150313100775239

265011765246118236633101
863855085110578816065947

1949554236406396513410353
2307850054457553554177633

814758829407835943853527
278367482548024085593603

3722434379861261347968793
3823547762993546635385329

871667422057275576140939
1984338287011164499859137

7282659483539287797359489
504204769644424003393951

150594425764778658335867
4011568377883298554953751

16157104822545386935090357
18100866052070297949902791

3433814416254432300529
7620341251095488910021971

2520118354879407506071241
30838715570329987760037319

24837444171121103882414113
9975480391056828740243563

34302998822438036103771691
42918908165359260941998153

76862642564933226700317851
10141680111078620776565563

73813823929833439956402973
70199655598322204918014351

109639442318316252905815411
6603086868337395197911189

285692850756444380701400357
156468205303331497064846549

56170395261921077946059051
218009464148548896579515119

364933623541610552951417023
327374992228676999834591627

369158515797186084196100519
138056685690949679294725741

917403773709724570235461091
895234359308874258491207063

1132086569474005246490633089
740889872905801850070283753

2004812732606859919113754381
1186541691680341330224771481

411666290439340489877482087
634569742768912914091859831

1101263610453633398613926659
1462186591873639102970520499

1806320618199000443391672959
933874021361623762021383539

8993907627076328084967060517
3847375382897786730194337569

6307799442601074261434406131
9078589617134645532239570807

12953957555135162845264290323
748170397452350061884062717

19330604974189696627949204621
8927696901458659883068548107

38854571709663087878171784643
32926507391392691393870563091

20710337752043945856818046887
566430275044915548582920327

18405020572748540315985008911
28463238556032244010113392079

2809727332079331435816012923
2555325229773270432249439201

58088747276255133097786512497
128245934849789193345262278871

144176266566387762675951634087
114871246856013137769204933739

133666653907578498323211986233
297348238138548069386874547183

212647637476621859752860993853
307058593469254480317388111043

300096003003531776187728333581
321114751124330014464093683711

46249931766779005917625950439
99873872190281140984239169801

