3847
1831

1709
109

10613
11353

19309
9521

30703
1291

53453
1367

12289
26029

17737
126547

100279
112303

124123
140339

389
166393

107671
92143

107791
149381

365557
414077

329519
327473

631927
1868239

1640021
1318727

1227301
1573709

157769
3898561

4328339
3717377

1942747
872999

5571073
14294827

1888421
13361951

12296953
16508029

4226543
11829299

31677091
39891769

23346161
58039249

106838269
33739861

39731437
2208517

237818663
92220077

164820637
118046869

463597357
504580099

102099941
86159459

623594669
541139947

794212649
404256527

491912039
1522355743

1042043837
215097629

3898516669
1649284397

193885381
1735395791

7020276551
411528497

7225616603
843001373

8401948897
12779784889

7617240571
13361184797

17574344773
32272654511

1035003799
568488623

38075252329
13474109213

1212068519
25368312401

14477568019
6943057453

5279113261
32142051509

8616475057
129250241501

249035302657
83745367891

379191573583
9960712093

18232650817
530895568927

1064990887879
839747632289

210229993439
10158559469

1737112070591
1620175653541

1312337535133
1674793483663

299001849067
3096248420647

2706645312073
2285247253033

6791854640497
7758938457079

2525138835059
2251056587411

4264356002509
7089880695853

17558111178557
10051120082987

29210691061829
19908193081519

10192416729073
22776716091853

5587196142769
15592422428783

19113145662553
19151857593221

120715256751013
78957890524327

96062779827251
104644998454319

117405802992827
36256397474839

3809732406287
138512545566631

196413001100783
551680838067341

73658369478907
135808981223051

586385288913217
609518208896309

182876038557367
964949945705677

549782741887091
428865374851229

753300842403247
992263723743707

1036017726777469
1639727581070311

1871188358145941
1565706990414953

2893742697304367
1333255784472467

7041660041767489
4603355243548421

13667947029711683
7715380475023853

2177901270766997
10696630673940203

21772338241715993
30807289268065061

6750871620418637
32161378982657801

58332416549269859
29258240302777337

66593143960379527
65536993268220473

111551746238242447
117152050441745731

135859161984515719
131692289474763371

102907107447421859
18313058525193973

89987376944575681
63577678007148743

147551735040095993
493698606034633723

360129444167857277
278403877164422629

464290413337517593
585012485609452939

537746599794611173
367081015251528323

2275542093837707483
2071385942683789477

1529776500170199161
1638760432163987303

3292187023342772671
2092227014856431393

191215021062101677
470060228482480387

5607466720446547501
7454302604397171463

8486939911681049243
2286326415276717641

15196051340797354121
6085524885847526267

717705308534874577
6180215678373808573

36400477784494315073
35723156109686589199

9581650229808939983
17624075123763318193

